6.434954328545353791e-03 8.518205859894260878e-02
-7.588086274385340280e-02 -2.485537748918931200e-01
2.093937661333122036e-01 2.620060303610495245e-01
2.479087049820047073e-01 -5.429812779987260724e-02
2.127051784094454445e-01 -5.482926092868625756e-02
-1.496818135250770065e-01 -3.091601010009499273e-01
-9.532758522145498570e-02 -3.525359752635911365e-02
-3.004418528552446621e-01 -1.593230786649123543e-01
-2.433951046220672043e-01 2.958732545677263959e-01
8.019230791588251306e-02 -1.685552422448740872e-01
2.465556848740516338e-01 2.168379650847973850e-01
-5.228839440718509313e-02 -2.268419866342826774e-01
1.563954180714055286e-01 7.252187383149429067e-02
-3.631454990462942151e-02 -2.901978921041192816e-01
3.739025384539732683e-02 1.420258414145932346e-01
-2.344976743517854234e-01 1.648404360366714505e-01
-2.005876841938432353e-03 1.130248387375809294e-01
2.104954050989252534e-01 -8.565685299697586852e-02
-2.855847531248381643e-01 1.097334365508410431e-01
1.358600175111707165e-01 -1.347595336873023963e-01
1.743383757812947132e-01 -3.932129477006875151e-02
2.668360205029874366e-01 1.061664738763492960e-01
7.223444212285703991e-02 -2.443932783735567327e-01
-2.658341818368343823e-01 -1.756399021209623101e-01
2.661582640981313141e-01 -2.021185222196483500e-01
-1.718860399250307092e-01 -1.913602845242697859e-01
-2.141782177576496693e-01 -4.432650080969195022e-02
-3.647046251156591673e-02 -9.124480647610651307e-02
-2.788289697643839271e-01 -5.212389114682164371e-02
2.449446545223719213e-02 1.546008139258044090e-01
5.691662768204505674e-02 2.058243698190235713e-02
2.189732978218328630e-01 2.392780298744184853e-01
-2.906491821077162307e-01 -2.449009444830148666e-02
2.903524981394645654e-01 1.701350313008351267e-01
-7.099282026305134274e-02 8.075327398229013853e-02
3.107177145299810928e-01 2.297179365781263673e-03
2.948373079218397641e-01 5.952944943004100098e-02
-1.788631442173843622e-01 -2.995431868128002884e-01
-7.491292121860995690e-02 6.299479970640664561e-02
-1.370637894763349629e-01 1.960175922245548652e-01
2.058958126663338051e-01 1.548002842683042501e-01
-1.985572939429497419e-01 2.316736860647546636e-01
9.037562920423236612e-02 2.323100882833916692e-01
9.976212770405706864e-02 -1.917018349868590821e-01
-8.921548983986307690e-02 -2.881422931352023084e-02
-2.315080558307221481e-01 2.582338100641021206e-01
-2.906743768329670963e-01 -2.033728336251984792e-01
6.908731740212424588e-02 2.786700017167023091e-01
-1.601636867242371975e-01 -5.374180193437982228e-02
-2.302337211949861961e-01 6.493356102311866052e-02
-1.781120981035975645e-02 1.413817857673736467e-01
-1.716694602405126613e-01 -1.615805545866303653e-03
-1.821514792118222315e-01 3.887630792928341988e-02
7.016006867047673567e-02 -2.545140162937703510e-01
-8.113757145639401147e-02 -1.905827183299244054e-01
2.590862956979713694e-01 -2.854008826101740448e-01
-1.322671724875937316e-01 4.763837909347685973e-02
-2.074667510355357181e-01 5.680225490046037287e-03
6.525570405133059027e-02 -1.296147696058439491e-01
2.929015313285611155e-01 7.270621847751164435e-02
1.922108797355590870e-01 9.240357034928266267e-02
9.010080745191763330e-02 1.192594745672382606e-01
2.889544001925933858e-01 -9.391868561005785321e-02
2.616522513364594738e-01 -2.098190353458992130e-01
2.002928798370035290e-01 2.823129306298814978e-01
-1.836431898972184229e-01 2.614244013889099327e-01
1.753717673649021758e-01 6.805654703751903845e-02
6.402291898542411541e-02 2.640250841038141449e-01
-3.895724735586165999e-02 2.199534597377365008e-01
-3.074242162364728137e-01 -9.679976948188141750e-02
1.806225145095187792e-02 8.639584446499347370e-02
2.252763948566262053e-01 2.255391228643867652e-01
-2.059320655397796351e-01 -1.525571014968727934e-01
-5.859889520668137841e-02 2.869162945670539200e-02
1.670978469235590569e-01 -1.093682187561319762e-02
-2.923329256576035484e-01 1.217332154084131562e-01
2.277027372470994127e-01 -1.453055831026003886e-01
-2.087866943767159311e-01 -1.098794286921344898e-01
-1.711379818995009683e-01 2.954880437199834398e-01
1.500155063210950324e-01 -1.268430021541413211e-01
-1.308154952728780851e-01 -2.360602457937282517e-01
-1.418822133534958230e-01 2.496838815314290361e-01
2.926527262843505173e-01 -3.027590070933727784e-01
-3.133299525792613838e-01 1.500019894965737843e-01
-1.815915435057063321e-01 -2.497357223499978296e-02
6.124265708601682456e-02 -8.684490298038533007e-02
9.438208313612360401e-02 -3.134571172474283074e-01
-2.145948856392949355e-01 9.114090813203431715e-03
1.057132725787120198e-01 -2.023226038414584482e-01
1.497458785348749766e-01 1.469742739697886269e-01
-1.964379499700038834e-01 -2.010933588861153198e-01
-1.871337160422466839e-01 1.527399933194880655e-01
4.774729502374310680e-02 -1.477182138771359343e-01
1.529030079339747106e-01 -2.209085554730439993e-01
3.046411460257029691e-01 1.691785600643059551e-01
7.615202826357625465e-02 -2.362534778222447618e-01
-1.754531853132442198e-01 -6.728288843068427894e-02
2.588940157297624500e-01 -7.891884054796020898e-02
-1.228490567724069560e-01 1.817397948498274129e-01
-4.833242060394341011e-02 8.571056798636107754e-02
-2.633286371706547446e-01 -1.648013951389832449e-02
8.624445699946527155e-02 -2.800001599824455956e-01
2.070630590236874347e-01 -3.657032802504401464e-02
1.558933554360944496e-01 2.510311170729133678e-01
-7.214013219863354975e-02 6.727478118695806586e-02
2.835494592392829305e-01 -2.176035095033867772e-01
-1.487488947746751500e-01 -6.065077366423110572e-02
2.962388822756853446e-01 5.236974755715811253e-02
-1.074800075624343654e-01 -1.223835841896289273e-01
-9.095350323653721147e-02 2.799845623603119393e-01
-1.840975914163006932e-01 1.786176983427187059e-01
-1.990844929439274102e-03 -8.642502490781389657e-02
-1.790501485299900997e-01 -8.713928409702589861e-02
-1.528206001742665743e-01 5.985103832146246305e-02
1.616155672712814295e-01 1.915557799273910344e-01
-3.133130045470887137e-01 -3.103487674582969258e-01
-4.892735589524434270e-02 1.926776170304907165e-01
1.096042235030681156e-01 2.274079729376318748e-01
8.306758745820634615e-02 -1.076286755343883461e-01
8.485608664771603082e-02 -2.664776742479937899e-01
2.312221361947112974e-01 7.373500196123264350e-02
1.935345947811238920e-01 -2.078590340285347282e-01
-1.553817034257416463e-01 -1.605690243027956821e-01
-9.411227471246845500e-02 -2.791055559512300444e-01
1.784182979705734307e-01 2.121704079567525783e-02
2.449457774946373345e-01 -2.660025545478537090e-01
1.512858309582896521e-01 -2.413605729987734483e-01
2.272383817648194471e-01 2.009900644841826345e-01
-2.170894513542387938e-01 -2.687448022581543847e-02
1.344496227405845012e-01 2.991465515286242938e-01
2.409326509879969880e-01 2.236346650522137713e-01
1.555666140901725281e-01 1.115996692460292372e-01
3.039862379306382811e-01 3.191625072160759330e-02
-8.911642384439297238e-02 -2.422322590756704197e-01
-1.155927009167126429e-01 -2.210726493669467330e-01
-2.143651390993146222e-01 1.659727992829633791e-01
3.074861718433669067e-01 -1.829634539058577480e-01
-1.891842926224241439e-01 3.003488674803802549e-01
7.125074545128615155e-02 5.426050523366755113e-02
1.053709385213736638e-01 7.608002967214701553e-03
1.700906125674427061e-01 -3.561561411493478074e-02
1.095736704743616868e-02 1.217760673254006526e-01
-1.248122711595979137e-02 -2.209071606621899886e-01
-9.799118254523940530e-02 1.446927514333026799e-01
5.745537864592348970e-02 -1.313371777715927058e-01
-1.390211033325720880e-01 -1.539276334871808594e-01
-1.894426728945689531e-01 -1.456596360573631788e-01
6.703082949373913302e-02 -1.753490629977624837e-01
1.482584318438222859e-01 2.737092433712302597e-01
1.175177642202834133e-01 8.607792618970482035e-02
6.280402754489813888e-02 -2.298388385702849201e-01
5.459236116397735844e-02 -1.262630297784729516e-01
1.820308509421357523e-01 1.929569719349293402e-02
-1.243945132510006074e-01 9.053085991793638487e-02
-1.179188356384315850e-01 2.342448034571684157e-01
-2.734640185208754293e-01 2.547914210155964240e-02
-6.855181144923686021e-02 1.020957545135129686e-02
2.011636531598151867e-01 1.994004129180597107e-01
2.807925135276473916e-01 6.684981370776907871e-03
-2.375630233552515069e-01 1.110742441574149586e-01
1.208706800019413302e-01 -2.944939220426177062e-01
2.973293362905415349e-01 -2.352924061522176369e-01
3.056306943059615699e-01 1.575167446393315740e-01
-7.551635482787626141e-02 8.046011677733645728e-02
1.080361453479453115e-01 -2.182912556184916364e-01
1.639489519298316378e-01 2.753958437802342951e-01
-3.007236974942041965e-02 -1.908951306462427777e-01
-1.788327572421709588e-01 2.933433555062454623e-01
-7.760614024130380040e-02 -2.922275520032157625e-01
2.187192615584462041e-01 -1.296069673327241920e-02
-3.612770976704009185e-04 2.173722678230844418e-01
2.657864334398639117e-01 2.111584035898299849e-01
-1.443153700491283352e-02 8.680309955883633299e-02
-1.857862664918449869e-01 1.548170953458212484e-01
-1.962105735357783376e-01 1.470022206411695509e-01
2.448764247135041816e-01 -1.221768230193850668e-01
-6.555913610128764890e-02 -2.320192786293090725e-01
-3.117482662948450889e-01 2.867347290564162821e-01
3.012935693457152175e-01 -1.227107865117198432e-03
-1.238389416301383383e-01 -2.634511592642052591e-01
-2.367123933546824710e-01 1.127505434315875243e-01
2.638625811388736753e-01 -1.669252322002077460e-01
-2.003109127957275748e-01 5.883754513500200761e-02
4.293978386020718546e-02 -1.678756600771878216e-01
-3.076502130587831507e-01 -1.242867235384583907e-01
2.109593743712632474e-01 -2.235144554402037076e-01
-2.865739415670047752e-01 1.733878061573688456e-01
1.521968416192905071e-01 7.544915814881392180e-02
1.711171223313265669e-02 2.960797751479162243e-01
3.107705683037255140e-01 -5.702531832388695043e-02
-3.062680239742341382e-01 1.629730530692914126e-01
-2.625514584538012897e-01 2.697967546195373378e-01
3.502334865615763793e-02 -1.792547501646325758e-01
2.066227624591184531e-01 -4.014563098523815654e-02
1.840453833156125152e-01 8.178819750163189573e-02
2.883214244820938021e-01 -8.748686294496750560e-02
5.113092513057375388e-02 2.501415871803149282e-01
3.039135892988593657e-01 -1.001521478888009187e-01
1.743131275991745832e-01 1.189166633431470166e-01
2.419948583454717417e-01 1.556105356468175938e-01
-2.247871853495123085e-01 2.647764075251352045e-01
-2.609247088233362932e-01 3.042057410543095863e-01
-3.144373800221295645e-01 1.134495124311902248e-01
-1.398569665819899277e-01 -3.635217610272130362e-02
-3.943233872192682121e-02 -1.787149056352028975e-02
-1.847309876140848517e-01 1.200929216148253764e-01
-1.091079203491100991e-01 -2.999757615984901538e-01
-1.388723921195500477e-01 1.701472451645576894e-02
-1.520566592290129304e-01 1.342804857387549511e-01
-2.609552916886933582e-01 2.217172051957289058e-01
5.912671213761388350e-02 -1.500044935574572358e-01
1.671035224404439634e-01 -2.411118023366296825e-01
2.963565960311737579e-01 -2.603218375233525839e-01
-8.847303445502313624e-02 1.106217270498856819e-01
-1.327185269912382615e-01 -2.641143847276235523e-01
-2.847392960309660936e-01 -2.641226840845794510e-01
-7.708365038027019389e-02 -2.426364338081118122e-01
1.259820545906480127e-01 -1.779984677307027696e-01
2.651348872062914922e-03 -2.754483486893930522e-01
1.391576628598513443e-01 2.236167109940908476e-02
6.084147086023261597e-02 -1.108499935013949195e-02
-6.227906862573649033e-02 3.024172941515361202e-01
-2.325837730295550743e-01 8.091223742365871718e-03
-1.461002521096857742e-01 -1.206966697994903415e-01
-1.513517166557949711e-01 -1.655032442785236146e-01
5.304597060703931249e-02 2.222257576414126967e-01
-2.153128594538077645e-01 1.331606958911506211e-01
1.920509861453816580e-01 2.337853278747282493e-01
-3.130023380813883871e-01 -6.344307524724965286e-02
-1.867675336872325620e-01 -2.891003630057579210e-01
2.312173043168656572e-01 4.083950801709598788e-02
-4.863250895994789685e-02 7.321590472742860178e-02
8.473888104416120448e-02 1.348144644933733927e-03
3.014493181995297477e-01 3.139283170307244353e-01
-2.122359808965288419e-01 2.686349217309033088e-01
-1.448462761694705933e-02 1.844724115686794674e-01
1.082407287637203730e-01 -7.227144318464519268e-02
4.550351433993369415e-02 -4.948698865988430257e-02
-1.431479813016633684e-01 -2.572478947415855477e-01
-2.097968272370200338e-01 -3.478040622402972515e-02
-5.149014771199725976e-02 -2.161721400097692813e-01
-2.903854349611895702e-01 -2.886633556028305250e-02
2.626969651115277846e-02 2.985089839461964600e-01
-3.766646479492829352e-02 2.644790683288744670e-01
-2.872596058126681284e-01 2.944528953441135632e-01
-2.548143426187055582e-01 4.301446599156241030e-02
-1.586528659440210598e-01 2.413493868819725774e-01
1.982518197743845800e-01 2.584705174493557855e-01
-2.057054686893907414e-01 -1.069966143328085623e-01
-2.797598706372990129e-01 2.672147393095873902e-01
1.235828230313250897e-01 -9.834153739378485859e-02
1.938818867406813251e-01 2.743999111821015524e-01
6.451994120524803811e-02 1.348969903601237863e-01
-2.013937882916453093e-01 -5.596625009663133699e-02
-4.029195325938105671e-02 7.326954753259914965e-02
1.232655340512427101e-03 -4.965904694749101456e-02
2.675736787840597430e-01 -2.719859372669196362e-02
2.911353383998194766e-01 2.317473594162767492e-01
-1.029162935536133416e-02 -1.505350302327312581e-02
6.387578029137117031e-02 -2.705244721672006025e-01
1.988266970634997854e-01 1.640695052501891793e-01
-2.535826638133391042e-01 -2.086799466934529945e-01
2.563061697816901296e-01 -2.968885557479772896e-01
-2.374754133742439099e-02 1.604172179508787932e-01
2.076161341728277043e-01 1.751070134605446915e-01
-1.171259674551780872e-01 7.745128960098153492e-02
-1.448654248793332100e-01 -3.818487749663459357e-02
-2.887010807947428814e-01 3.022430045208500116e-01
2.124387319458260759e-01 1.031965812688471484e-01
7.571739981697797606e-02 -3.083125354649757233e-01
-1.682634939872927893e-01 -8.995978323873780880e-02
-2.131329301123888464e-01 -2.723940362982096852e-01
1.580574358457594031e-01 -9.966846406132776059e-02
-1.037502834808064767e-01 -2.652720254122937216e-01
-1.556296364589221382e-01 1.717566756108225290e-01
-1.813625461453577392e-01 2.834064892028920202e-01
1.144853040130632688e-01 3.068016863095953672e-01
-2.656980249433174568e-01 1.912804288962862143e-01
-1.437064927183450136e-01 -2.570841340088338423e-01
1.760952153250945895e-01 8.160092257696878459e-02
-1.456270335942781158e-01 -2.452997295218934115e-01
-1.464503200328482468e-01 2.425984754373685937e-01
5.290923144030668795e-02 1.882904607331019053e-01
-2.216263943006258619e-01 -4.348176838849360931e-02
-1.421324742142690278e-01 -3.008733545051620051e-02
-1.083758940693663742e-01 1.253203013959338918e-01
-1.432593954502119349e-01 2.654391111897773103e-01
-1.338053840806318617e-01 -2.873777847709965694e-01
2.376902452835251769e-02 -7.811240390400400746e-02
2.159853322116568330e-01 -3.968034631523488509e-02
-8.024203910804277029e-02 2.776992986097070668e-02
1.791004226137093980e-02 1.491150974439454371e-03
-1.528350859501622638e-01 1.316587259612939376e-01
2.892108784937864052e-01 1.915801235897539589e-01
-7.723100101089656715e-03 2.955472168267202493e-01
4.601384748040673184e-02 1.225180400277584014e-01
2.552124176802703648e-01 9.238838152042830321e-02
2.078661085047176227e-01 -1.598699294752952693e-01
1.228153413231024699e-01 -3.129924506414993174e-02
1.947508818856138468e-01 -1.088074640158168960e-01
1.856479420417113391e-01 2.728963456447753844e-01
1.422602649867858171e-01 3.034333617185486776e-01
-2.690416787308630431e-01 -4.559600408554125017e-02
-1.775190839617199756e-01 3.071903341221485229e-01
2.877317131224777502e-01 2.466265724875611465e-01
1.827741966665046708e-02 -1.006011802467917937e-01
-1.698816674722944953e-01 -2.857976864966436659e-01
-2.702416252947389408e-01 -1.623332404691341935e-01
-1.618984199364788823e-01 8.732034475247313354e-02
2.563389240550313919e-01 -3.650614399988506148e-02
-5.828221499210548689e-02 -2.997691831184464695e-01
7.615356446677803981e-02 -2.781841297696961979e-01
1.741604725958516842e-01 -2.689085652625675671e-01
1.550331567061682958e-01 1.812378151951545002e-01
-4.648123653581182763e-02 -3.034115017132904546e-01
-1.465741269435558852e-02 -8.873864935969827394e-02
3.034560562966576169e-01 -2.248719251752963610e-01
-2.699997574528944025e-02 -1.643560902830935588e-01
2.193100443976716829e-01 -2.003514057123369219e-01
-9.671583485396867408e-02 3.139519465374470131e-01
-2.356751636544822115e-01 2.105284607707196276e-01
2.540137200248327246e-02 1.563807683453609376e-01
4.914935495397561999e-02 4.060827987106913062e-02
-1.547068553419010117e-01 1.806143916202698485e-01
-7.708507625530099105e-02 1.359495831403914889e-01
2.920756240924934355e-01 -5.894704214955470700e-02
1.314573760593804597e-01 -1.214951986847969539e-01
-6.426855919518247029e-02 1.345133353725770364e-01
-2.899209630443309593e-01 2.287728719379936437e-01
-7.855101469948418472e-03 1.054868134221097348e-01
2.237170833466287645e-01 5.025584822489321396e-02
1.671710371900324565e-01 2.543270836409557423e-01
-1.845177799179465450e-01 -1.596889669018928815e-01
-1.920506089199827959e-01 -9.762125345590999537e-02
1.926113894353035927e-01 6.074403832131264336e-02
1.221518762186020735e-01 -4.391639407494069697e-02
3.124058773032494657e-02 2.248368353795904273e-01
2.927546281702536612e-01 2.732439237683172428e-01
2.317760365385385379e-01 -2.287529208783020684e-01
2.700998214266516761e-01 -2.840321161904316161e-01
2.318043828183562749e-01 2.944762156737827929e-01
3.097059394242530073e-01 -2.254021373353652380e-01
-1.782229109764731367e-01 1.247335413152804717e-01
-2.987141654066560736e-01 -2.728341541421810401e-01
-2.548565145631312978e-01 -1.705039828578127359e-01
-2.601029888373599386e-01 -1.332783030326207818e-01
2.319657845538330154e-01 1.385826705263677183e-01
-2.153121034284505297e-01 2.297406097537826597e-01
-6.507064733977886706e-02 1.558637625147270833e-01
7.476159708361353184e-02 1.290462659016265896e-02
-4.953820574455942288e-02 2.869802981812463183e-01
1.939703205105812178e-01 -2.799733168309108677e-01
1.236173967232265941e-01 -7.541220950451670013e-02
-1.952844744361744156e-01 7.253962042982328717e-02
2.376732620174748234e-01 2.242155329930684837e-01
-3.139352656231114702e-01 1.952116720508541570e-01
-2.472111682208983918e-01 -2.499133545495261233e-01
1.422102194442064205e-01 -2.564784421980563223e-01
1.171374041962020413e-01 4.201993808709589967e-02
-1.250070922146752361e-01 2.994188758439217390e-01
4.480787065195503127e-02 -1.697339662150142425e-01
-9.329737771651332168e-02 2.049143336744493338e-01
-2.504960359888020460e-01 -3.002987028188633944e-01
-2.202191924236452936e-01 2.638035765714033531e-01
-2.519036179273355103e-01 8.719341114532049020e-02
-9.615212668288246334e-02 1.692456214099590517e-01
-3.131632928674531469e-01 6.571334062604412829e-02
-1.772613220813006735e-02 -2.307961920613490203e-01
2.502139290538157868e-01 -2.258622819117666047e-01
1.399081294016484844e-01 1.948997474646483874e-01
2.117557791259749578e-01 2.677890322135750845e-01
6.464893311411200327e-02 -2.652134758652970326e-01
2.209208849703182265e-01 1.608179239036454655e-01
-2.566334746154929625e-01 1.369563026477991219e-01
-1.435561834576465912e-01 -1.844789773756104201e-01
1.556667250227621035e-01 2.637756815007774591e-01
-1.723171702780225412e-01 1.442772150788458052e-01
-7.821738899447348847e-02 2.976270587552228841e-01
2.353110610820722537e-01 -2.636372744085914155e-01
-1.808380597542582902e-01 -1.691005320204159168e-01
6.390394965953205553e-02 -1.585847988153107624e-01
2.873440249356989939e-01 5.292725683970557482e-02
1.432639146473932978e-01 2.939844201484884123e-02
5.867077643164610168e-03 -2.576182875728823263e-02
-2.767837413275108793e-01 -2.564168054637681049e-01
2.611363088819480538e-01 6.183938768148803528e-02
2.437862024892620549e-01 2.408619207359596337e-01
-2.363347775184291844e-01 4.580109569154402344e-02
7.529289195911960386e-02 1.850680839485959461e-01
-2.521670575082206600e-01 -9.088286860192290595e-02
-2.820252195916090887e-01 3.953040808005953144e-02
-1.651771105662027950e-01 2.695766905752457476e-01
-6.140694956490477113e-02 -1.990467994292782483e-01
2.855931550556455312e-01 -1.983364194217770438e-01
1.945000762321705268e-01 2.060578121265897455e-01
-1.358730604779652407e-02 -1.790992010712239291e-01
-1.292976191279816278e-01 -2.069340782610299134e-01
-1.010922427267063467e-01 -9.332052171926358275e-02
1.795295927308848405e-01 1.038527412479870737e-01
1.346971752142602230e-01 -1.076165520749557958e-01
-2.914144508588810134e-01 -4.901608170154368727e-02
1.076063102215013417e-01 5.066930282779187958e-03
-1.853523994763732474e-01 1.230292564899298224e-01
2.032747947263437160e-01 -2.974898759858506381e-01
2.098098965410766514e-01 1.962663205043755077e-01
2.714324353532462375e-01 -5.773368873910913329e-02
5.368267487104814301e-02 7.568675693946173844e-02
-2.893668601534133411e-01 1.355720340880325891e-01
-8.071841068901237752e-04 1.945692021267261818e-01
2.002371655959689634e-01 2.557381216126992096e-01
-4.117183075270943599e-02 1.898646152218369798e-01
-5.151984421213067628e-02 9.310454256954484031e-02
2.354652633375664827e-01 1.084342984082820212e-02
1.816449147447261603e-01 -1.466626858201266204e-01
1.057517959114254169e-01 1.555680688784755183e-01
-6.733168605406017471e-02 2.795601297427345866e-01
-1.504054194132307676e-01 2.834158391964089474e-01
-2.350510926457995142e-01 -3.297071383533910910e-02
2.259670964069167287e-01 9.591419991323929528e-02
2.289627796898411061e-01 -2.259167399008703836e-01
1.835424371428097945e-01 3.745135695268087678e-02
-2.492266009367231569e-02 -5.101811804913187337e-02
1.776109431152336493e-01 -2.723714418706017493e-01
1.013261512533226993e-02 1.641196663981070447e-01
1.933504006352045612e-01 5.697733598499138408e-02
2.081263810446621065e-01 -1.498362646771716211e-01
1.705648818408155853e-01 -2.105120803411953401e-01
-2.851940336025999279e-01 -1.036794146470227385e-01
-6.672835040373230331e-02 2.544455099770954187e-01
-2.671369494433412095e-01 -5.502561108459831651e-02
7.323604745445999598e-02 -1.222511268405696155e-01
9.443770557633143423e-03 3.030889452223405334e-01
-1.231012852496048832e-02 8.511717736063179399e-03
2.532860982704404629e-01 -1.125563172725058125e-01
2.456500839975615247e-01 -1.945091670320193422e-01
1.768268871818111931e-01 -1.217439137668057669e-01
2.739197950439259399e-01 1.080482465290281135e-01
-2.163115837794767071e-01 8.778831550487400937e-02
7.070695433278582909e-02 -1.739393023819537365e-01
-1.513704387880057678e-01 -1.123628452652610139e-02
1.804542978498895334e-01 -2.219738075142168032e-01
-4.339634535101216661e-02 2.355719566817450206e-01
-7.220144612666520856e-02 -1.324238988428698416e-01
4.060946413288343132e-02 1.407814533772193955e-01
-2.402728866423996523e-01 1.559233056992440636e-01
-9.462662510246198921e-02 -4.874044252415838524e-02
1.456304033548496968e-01 1.329266002011041392e-01
-6.494164089951620644e-02 2.694290218968978246e-01
-2.716651199446768472e-01 -2.976715889667067572e-01
2.525381519639580685e-01 -1.499336842957809390e-01
2.852521748028356008e-01 1.509531112510546502e-01
1.765504533131470599e-01 2.242927764250149045e-02
-8.565354079278585109e-02 -2.546699768372738260e-01
-2.458507314428266810e-01 2.567028311413739883e-01
-1.181829056400101885e-01 -1.496921657631301583e-01
1.697103851880516490e-01 -5.079770853923498003e-02
-2.383676743168092749e-01 2.128432838131168181e-01
1.591846593591400849e-01 2.096955678254946720e-01
1.763252652811321541e-01 -5.032364361350807197e-02
2.848381093069950465e-01 7.998938670210472765e-03
5.656769779383503949e-02 2.285351855889890260e-01
5.543953865880250215e-02 1.710494904355688572e-01
-1.330177274862374415e-01 7.348952854431470283e-02
1.951842245077420879e-01 2.666723140410250381e-01
-6.120371929658367793e-02 -2.320701033430482008e-01
-2.918162108498044138e-01 -1.952991759201840316e-01
-1.185410243508227407e-01 2.467684247751716908e-01
-1.655795443443409953e-01 2.178828643192960157e-01
1.839037994577769877e-04 -1.143667303676709074e-01
1.010861912084283221e-01 2.827043555016389709e-01
2.844087284351321521e-01 -1.297666394552229041e-01
-2.825403399955813133e-01 -2.383685635100578626e-01
-2.332788655896516350e-01 -2.057840295837493338e-01
-1.730166156101683311e-02 2.246162931069405067e-02
8.544894652947979119e-02 1.393638079411970987e-01
2.749291639435532120e-01 7.748573904593425432e-02
-1.018253010237455541e-01 -5.921683479515821302e-02
6.975771233983332764e-02 1.223253352377200037e-01
3.610989901968416488e-02 -1.667211643112389285e-01
1.289133615033860591e-01 -2.832040091671918502e-01
-1.957835615810658014e-01 1.723451080786471412e-01
-1.347466862670947951e-01 9.817295359273411903e-02
2.130035623985247484e-01 2.667168003251908504e-01
-2.573581081907295731e-01 2.639501307435144217e-01
1.881015232641748136e-01 -1.088421940685062733e-01
-1.979307941269833615e-01 -2.052443299480534722e-01
6.170675219500895009e-02 -1.107041816048199012e-01
1.164261219569792116e-01 -1.377943817205272599e-02
4.633890860601334004e-03 7.361605038708901594e-02
2.672495022347183280e-01 -1.758439323396759901e-01
-2.026195845883400903e-01 -2.404135552204053339e-01
1.064233461715740660e-02 9.295936805741598918e-02
7.265951635230941119e-02 -4.091313682741561097e-02
6.534009258824352573e-02 1.251514286600169112e-01
-2.292026029759941241e-01 -1.552273793093909282e-01
-2.856987121127704116e-02 -3.257105175640901545e-02
3.517211900832595273e-02 -8.471893560447593674e-02
2.896675429762025217e-02 7.808520168795440863e-02
1.115621098556323354e-01 3.718893917471031291e-02
2.103113671485718761e-01 -4.281661612043806235e-03
-1.455041659307435287e-01 3.469036906638546351e-03
-3.635951432861490862e-02 -2.234104073699429149e-01
-4.201484541929365740e-02 -1.882735005216189250e-01
-1.697997283190671725e-01 -1.561926823305783418e-01
1.961141822480763630e-02 2.469374233098813876e-01
-1.339850474938519831e-01 2.117855824961166478e-01
-5.111988950430343404e-02 -7.305847173942887907e-02
-2.035543169443807254e-01 -2.888470691838444515e-01
-3.004757582082236977e-01 -1.293369677501878257e-01
-1.952703241678636625e-01 -3.053292795210462707e-01
-1.633685771257792074e-01 2.411867086878292377e-01
-3.031509620296361507e-01 2.595499912210204041e-01
1.193592350913788291e-01 2.251232365903926488e-02
-1.496670729706070513e-01 -8.491588915523146097e-02
1.334060035913498810e-01 -9.042773139743595645e-02
2.112758257796285566e-01 2.640677808515347613e-01
2.305125765001554000e-02 3.107115448719630635e-01
1.356170121386071972e-02 2.210890274812094547e-01
-7.036419488549251755e-02 -2.530174309876749295e-01
1.241237951247580185e-01 1.444986670893184388e-01
-1.392437822202576836e-01 -1.028898957068797304e-01
1.960250097250572920e-01 2.510912640945333826e-02
5.602291983725166125e-02 -2.571999988363934397e-01
1.688578714046848062e-01 -1.747062800413605177e-01
2.405340638991417257e-01 7.705208173628512458e-02
1.837287533042564480e-01 2.170392759973296670e-01
-2.171497013992807756e-01 -8.965205766937126008e-02
3.056318340879753404e-01 2.950571565316594258e-01
8.873847853170219180e-02 -2.245123740708465654e-01
7.911016430138965994e-02 -1.146220752976570695e-01
-1.394582270394182644e-01 -6.276882276709912223e-02
8.952820267056663117e-02 -5.298998857949879793e-02
4.908349351640350217e-02 -2.728456881152773184e-01
-2.115139532163722025e-01 -2.035192198976210759e-02
-1.819891517769339773e-01 -6.687413903650435421e-02
1.151968784454041883e-01 2.042290899222693468e-01
1.629800796566059640e-01 2.740671664514872652e-01
-1.688857836774596000e-01 -2.445366819776323974e-01
9.341007877803307602e-02 1.226633237037747931e-01
-3.710715993026147269e-02 7.955807021651321864e-02
2.880155969027511920e-01 1.744251618865498288e-01
2.799411556782778199e-01 2.892507968769867932e-01
-3.069119980678145510e-01 -5.516763300460602627e-03
-1.164539957382382390e-01 2.714264418993458938e-01
1.421759704320856577e-01 1.374616983378995350e-01
-8.870401985680452517e-02 -3.646408172647016416e-02
-2.764206667266516648e-01 2.213566794489198464e-01
-1.281785208907513240e-01 -2.541751899259602210e-01
1.839742051639509379e-01 1.105415207410912898e-01
2.423575582801179018e-01 1.413617320866973059e-01
7.837300409209022045e-02 9.100362360506699874e-03
-2.518603714937064919e-02 -8.148476818145880540e-02
-2.642622206077530067e-01 -1.419312658698649310e-01
1.475062653070702279e-01 6.113521655092855195e-03
-1.867286663086841492e-01 -1.130370797108767450e-01
1.321706136428672240e-01 6.006629484924018783e-03
-1.987116942405193765e-01 -1.477521476038143045e-01
-4.617367797920710060e-02 1.000591943142531831e-01
-2.233841895819288492e-01 -2.173186788965982552e-01
2.525351900551644491e-01 2.035994514368571207e-01
-2.468302187521411450e-01 -1.330712021568437597e-01
-9.744126769899794094e-02 5.939766691390378772e-02
4.171217789975663337e-02 -3.139606970614276515e-01
-6.522929802286216161e-02 -5.452640024689312664e-02
2.741234782781167278e-01 -8.639710744317102842e-02
2.148003811958724141e-01 -1.845504718082347506e-01
1.803702963386879243e-01 -7.265048684382433009e-02
-6.185091693845902808e-03 -1.985327855185834156e-01
-2.217695604093284090e-01 2.692454737585028846e-01
-2.592288120568293497e-01 -2.889816114353116472e-01
-2.005943460330457673e-01 2.321684257261582285e-01
-2.854029859604094721e-01 -1.098987189937539327e-01
9.502813944458879392e-02 1.910649161629258963e-01
1.385942412117192046e-01 -6.931072842523808286e-02
2.765830742936023490e-01 -1.181839699004935962e-01
-1.636371100159808856e-01 -1.285370946814969398e-02
-2.921855352775176162e-01 4.190131147367322229e-02
-2.978436143821624471e-01 1.684562845577847467e-01
-3.788094827096341599e-03 -3.452054513287839549e-02
2.419286219828023499e-01 -1.690254287226062302e-01
-3.471812456809654675e-03 -1.813345627331800769e-01
-4.081677607320910450e-02 -1.202492625211184496e-01
2.275221715040026127e-01 -2.480981494406904742e-01
1.922335726793206745e-01 -3.432497388955210033e-02
1.074435460623398980e-01 2.343569893169651641e-01
-1.609553347424841074e-01 -6.670113439966302016e-02
-1.561103522889669137e-01 1.320630414055112001e-01
2.202428677926451528e-01 9.508790252507778873e-02
-1.310126573856800480e-01 1.800904066628750966e-01
-1.836994422020850060e-01 4.503975267835702567e-02
-1.190529113728440169e-01 -2.962046635748798451e-01
1.496868665086940886e-01 7.852243261491669013e-02
9.524512938327134304e-02 1.612306137043314769e-01
-7.686203251328040109e-02 3.044241039613511113e-01
1.377805307501151211e-01 7.004534801262432553e-02
8.059604424270433443e-02 -9.572357707587894615e-02
-3.033049647215410594e-01 -1.703258563788437319e-01
-2.049463050915386608e-01 2.535102688822908346e-01
-3.294876071583097144e-02 1.412261242054316246e-02
8.260063231369360603e-02 -5.810358183229556717e-02
1.157729124875877952e-01 1.132484655354787095e-01
-1.561662793655145022e-02 -3.038512549476584113e-01
2.540761847085056813e-01 2.749217073375549436e-01
1.965432859430353840e-01 -3.165586042085905254e-03
-9.678885543480886255e-02 2.132030963394925538e-01
9.734003617521992668e-02 1.326956471505025791e-02
1.594986232519211193e-03 2.218844902870226177e-01
-1.581795846363436286e-01 -3.067766849298672049e-01
-1.201309379214511724e-01 -6.941210617936592608e-02
9.988137003277190729e-02 1.660875870710056545e-01
-2.281564629503050057e-01 -2.509630033184447884e-01
-2.259970771764107933e-01 9.177761695308719880e-02
-2.931807211322393636e-01 2.461937894616804956e-01
-2.599125975253553308e-02 2.077391281153096458e-01
2.152422025916291698e-02 -3.680917976882810277e-02
3.024231780261458780e-01 1.666466712139025863e-01
-2.597184128106048706e-01 -3.464021224139259697e-02
1.541971983432430249e-01 -1.325655762517077840e-01
-1.387405575309252209e-02 -2.325848503997826888e-01
-1.849992438985108983e-02 -1.167103289174416941e-01
1.444234029053682311e-01 -1.493224641409754694e-01
1.296393385416931276e-01 2.283546215091681042e-01
2.933833398124285896e-01 -1.399088453045176927e-01
3.113445861370241902e-02 1.926185730946827768e-01
-1.985574477919775371e-01 3.118665572905907624e-01
-2.556251927295952187e-01 3.525443768320383336e-02
-2.038722478688902717e-01 7.955694102537912149e-02
-9.812345349385385301e-03 3.103999189119197033e-01
1.466706712471420315e-01 -1.090958748482515617e-01
2.872032343101028062e-01 9.472744509489357256e-02
-3.094676055703194928e-01 -1.268287094467938358e-01
1.112478861403570635e-01 3.041392610896432869e-01
2.459192143032950528e-01 1.906651850484103738e-01
5.837053544351199913e-02 -1.538108093787110033e-02
-2.053203916621760827e-01 -2.500420588675484335e-01
6.605206841334627932e-02 2.330696012786588889e-01
2.081485753514619175e-01 8.227501215640333843e-04
6.023990643714565579e-02 2.117404398882891947e-01
6.263179414571769243e-02 -2.341254109448312193e-01
2.600972733694163486e-01 3.413355623272775613e-02
1.566266218711241665e-02 -7.847790566535185405e-03
-4.786029584022445660e-02 1.865355734896294027e-01
9.099934932588278624e-02 1.027837257443253993e-01
-1.219264787415246937e-01 -1.054085428333090962e-02
1.667385370651423004e-01 -1.729000101224789088e-01
2.009479949466744242e-01 -1.179486765913144580e-01
-1.805119875674370267e-01 2.839649293726856372e-01
2.085086127717368509e-01 -1.585549914707836544e-02
2.865096336433035074e-01 1.351905124972905547e-01
-1.265687842220347414e-01 1.973344547910797497e-01
1.732773928654353646e-01 -1.149687430504540281e-01
-1.123566721009276737e-01 7.236894075556531136e-02
-8.911774507046407723e-02 -3.951462553573295566e-02
-2.951184464525740681e-01 8.879184706595746879e-02
1.097423060087553970e-01 1.344153451780635000e-01
-2.812168203004266620e-01 2.025313769515046936e-01
-1.379351252001199957e-01 -1.028736421075396451e-01
8.002727502131384840e-02 2.107296229593088321e-01
-9.768010301991095906e-03 -1.730537699480051428e-01
2.646029692576286618e-01 1.192131729440459309e-01
1.387416299081344062e-01 -1.295722518847853832e-01
2.731227650478439961e-01 -9.876456957173969375e-02
-2.263850308835977931e-01 6.654786523081601679e-02
5.024791636283258700e-02 1.140954195156361484e-01
-8.369098195635542303e-02 -2.480850131841018727e-02
2.673573949927841586e-01 2.906277817849830525e-01
2.032817193770256048e-01 2.209236335230053416e-01
-1.098917172497909378e-01 -5.437249345647084120e-02
1.321464204382884755e-01 6.082856659202107857e-02
-9.624967407136657271e-02 -1.806365221953602426e-02
2.669287069002777568e-01 1.425630422099970034e-02
2.929843361992960915e-01 7.066936449503387341e-02
-2.327954592697247752e-03 -2.537458280069783134e-01
1.636697033897866194e-01 1.113461991478146285e-01
-1.525278174946442244e-01 -1.946908689728093500e-01
3.105549030749065742e-01 -2.241662860566600579e-01
1.165137174467498621e-01 2.358378968766903228e-01
1.705152263176836630e-02 2.853646928530844881e-02
-7.342525338059747997e-02 1.622286318116775150e-02
-9.587097139662456233e-03 -1.430555828025417697e-01
-7.137762060820210253e-02 2.885736444686453073e-01
2.517954113810607075e-01 -2.861656803083724721e-01
2.579197318413553944e-02 -8.424277110393268986e-02
2.470851136421813588e-01 -1.916957210832823943e-01
-2.219600435083748102e-01 -1.944917379671557145e-01
2.052414042826706808e-01 2.472569346665839385e-01
-1.723369187623310372e-01 2.264915399756518566e-01
-1.781369885520846796e-01 3.130448722765089564e-01
2.735415535724170510e-01 -1.599167980691602875e-01
2.831815399252293197e-01 2.995288998473658593e-01
2.672698296790169681e-01 -6.580246692558543165e-02
2.438178162972850505e-01 2.387779420945398967e-01
2.418723189744749480e-01 9.177106421049048557e-02
-6.848614709261292843e-02 -5.122627341431077591e-02
1.964463581115659940e-01 2.719489415622429740e-01
-3.121230659012309006e-01 2.917901804417599165e-01
1.843565249418971375e-01 1.150689699680790823e-01
-1.017797522278094530e-01 2.131407709102767570e-02
1.414853920929443065e-01 -1.651310268465533415e-02
-1.404318164151377724e-01 -1.434730800604623047e-01
4.499344902885730330e-02 1.622118538895235551e-01
-1.935833981274579256e-03 2.045963054600911379e-01
2.744614262111172986e-01 2.836568301938845460e-01
-1.188739720385003362e-01 -1.554627540887498494e-01
1.342950390984932463e-01 -2.715031718483459366e-01
-1.303481677621523560e-01 2.182367609035363969e-03
-1.605492581460634671e-01 2.845695239233917428e-01
1.357380603809408282e-01 -2.074790511985815933e-01
-3.091838289532534700e-01 2.215683268137426387e-01
7.546622776503837671e-02 4.435060785677632372e-02
1.423167440857408539e-01 -9.789720763374691603e-02
-1.884514074606521983e-01 -1.210054079905361346e-01
2.488564748520070979e-01 2.188072106170529940e-01
-3.414172755193488340e-02 2.890447489963540728e-01
-1.643455801355850621e-01 3.708347282969885750e-02
-3.119375073917015073e-01 1.691224185417764814e-01
2.702894153970802349e-01 2.272419454621466689e-02
1.615900603924509960e-01 1.536996287077604939e-01
1.940053104389200256e-01 -6.313507868315476612e-02
-6.562556827453303043e-02 -1.821331214354835470e-01
1.404440319606136411e-01 1.490085302710213722e-01
1.201826384889081584e-01 -1.275784146293539312e-01
2.848571735348140455e-02 -3.107534654146023034e-01
-2.237828968402947316e-01 4.945664967862339889e-02
-7.295621140084639078e-02 1.671621367121633173e-01
-2.379828497240958907e-01 2.199345017043053407e-01
2.177026525683797495e-02 -1.887960606355264803e-01
-1.692236100507086283e-01 -1.447593534732638798e-01
-1.141555484180619556e-02 1.133765950659634120e-01
2.211093172348381486e-01 1.358053839238121951e-01
5.546920202434783148e-02 -1.231819341005378488e-01
2.872200081415824391e-01 -2.397924481006647179e-01
2.778750153662787326e-01 -1.226194895843230222e-02
2.704042199988709316e-01 2.689326440407223129e-01
-8.674472209603067974e-02 -2.642272867499516065e-01
4.744642119094303473e-02 -1.707806659797940219e-01
-8.659799766386891418e-02 -2.551319464552389560e-01
9.984897861104527483e-02 -2.976785225504141041e-01
-1.229840273476738299e-01 1.820556586538522037e-01
1.539963261989503729e-01 2.443052555260507297e-01
7.666393626062459332e-02 -7.521233306628577475e-02
2.124444735781965132e-01 -1.050840903634600448e-01
2.706814557714040670e-01 3.138161360337817229e-01
1.265093244931198013e-01 -2.037313804221017183e-02
1.226116580959186325e-01 1.512971153990697870e-01
1.289789483462026320e-01 2.897866038528417176e-01
-9.481833136651658667e-02 1.175696795931572558e-01
-1.143356369575889014e-01 -2.487069148229528182e-01
-1.576990180474991676e-01 2.639601566137669830e-01
2.825053386267604300e-02 4.014567440082486560e-02
2.483056752818238455e-02 -7.537678131358845068e-02
2.095834648359828079e-01 1.391125442328438322e-01
-2.177407011626315923e-03 1.786297418947031812e-01
1.419857861562968948e-02 1.846472542525037785e-02
1.457104112989628109e-01 -2.214182517431704245e-01
-2.575862301788772735e-01 2.987862082548004006e-01
-1.786540034141533284e-01 7.751197712072931123e-02
-2.440170971212830553e-01 1.398083513795212451e-01
3.418420207667858743e-03 -8.140573026522684996e-03
2.642859204712960097e-01 -2.869324762849351229e-01
-1.057361786268348619e-01 -1.061464420322763280e-01
2.657321354154435489e-01 1.790947341378782698e-01
-1.125539113507758038e-01 -1.196126041292849551e-01
-1.119171120950226278e-01 1.461159426665164240e-01
-2.719707820135166057e-02 -1.787433475448359232e-01
7.943792510367261861e-02 -1.367556230826180719e-01
-2.027774485164711982e-01 3.087473160483120149e-01
8.406912699872823302e-02 -1.437769536542213566e-01
2.121353951344193967e-01 -1.740953023517996245e-01
1.931643073732566551e-01 1.099925303894197168e-02
1.463018054804019197e-01 -4.602864261393657674e-02
2.002586465619876077e-01 1.361006321682497189e-01
1.553493267092053917e-02 5.267470522888259565e-02
2.017745197068449015e-01 -4.819626863271701117e-02
-1.943133953228559641e-02 2.735269106117448890e-01
-2.880080717769366028e-01 -1.035153961200168393e-01
3.132298957960819030e-01 -5.606266459159067912e-03
-2.382722110367946899e-01 2.734556534495811153e-01
-2.801473904478442023e-01 2.984565091474234433e-01
-3.994804445162605105e-02 -1.750738016948218401e-01
